Epoch 0/10 -> loss = 0.14935081058045427
Epoch 2/10 -> loss = 0.03437138228053343
Epoch 4/10 -> loss = 0.018368162213095847
Epoch 6/10 -> loss = 0.010343593587080674
Epoch 8/10 -> loss = 0.005726984794444408
--- 35.234766244888306 seconds ---
acc = 0.9921
pr = [(0.9918946301925026, 0.9989795918367347), (0.9982238010657194, 0.9903083700440528), (0.9913127413127413, 0.9951550387596899), (0.9891625615763546, 0.994059405940594), (0.9928789420142421, 0.9938900203665988), (0.9876681614349776, 0.9876681614349776), (0.9968354430379747, 0.9864300626304802), (0.9912451361867705, 0.9912451361867705), (0.9907786885245902, 0.9928131416837782), (0.9900891972249752, 0.9900891972249752)]
m = 
[[ 979    1    0    0    0    2    2    0    3    0]
 [   0 1124    0    0    0    0    2    0    0    0]
 [   0    1 1027    0    1    0    1    5    1    0]
 [   0    3    0 1004    0    7    0    0    1    0]
 [   0    0    1    0  976    0    2    0    0    4]
 [   0    0    0    3    0  881    4    0    1    3]
 [   0    1    0    0    1    1  945    0    0    0]
 [   1    3    3    0    0    0    0 1019    0    2]
 [   0    2    0    2    1    0    2    1  967    1]
 [   0    0    1    1    3    1    0    3    1  999]]
